0.00 26.00 58.00 10.00 47.00 33.00 18.00 6.00 14.00 37.00
26.00 0.00 35.00 59.00 36.00 37.00 23.00 18.00 59.00 40.00
58.00 35.00 0.00 7.00 43.00 59.00 23.00 53.00 52.00 22.00
10.00 59.00 7.00 0.00 58.00 40.00 8.00 5.00 53.00 27.00
47.00 36.00 43.00 58.00 0.00 45.00 23.00 48.00 27.00 50.00
33.00 37.00 59.00 40.00 45.00 0.00 44.00 36.00 30.00 1.00
18.00 23.00 23.00 8.00 23.00 44.00 0.00 14.00 17.00 29.00
6.00 18.00 53.00 5.00 48.00 36.00 14.00 0.00 40.00 13.00
14.00 59.00 52.00 53.00 27.00 30.00 17.00 40.00 0.00 6.00
37.00 40.00 22.00 27.00 50.00 1.00 29.00 13.00 6.00 0.00

Menor Valor:
1
Indices del menor Valor en la Matriz: 
(5, 9)
Matrix Reducida:
0.00 26.00 58.00 10.00 47.00 18.00 6.00 14.00 35.00
26.00 0.00 35.00 59.00 36.00 23.00 18.00 59.00 38.50
58.00 35.00 0.00 7.00 43.00 23.00 53.00 52.00 40.50
10.00 59.00 7.00 0.00 58.00 8.00 5.00 53.00 33.50
47.00 36.00 43.00 58.00 0.00 23.00 48.00 27.00 47.50
18.00 23.00 23.00 8.00 23.00 0.00 14.00 17.00 36.50
6.00 18.00 53.00 5.00 48.00 14.00 0.00 40.00 24.50
14.00 59.00 52.00 53.00 27.00 17.00 40.00 0.00 18.00
35.00 38.50 40.50 33.50 47.50 36.50 24.50 18.00 0.00

Menor Valor:
5.0
Indices del menor Valor en la Matriz: 
(3, 6)
Matrix Reducida:
0.00 26.00 58.00 47.00 18.00 14.00 35.00 8.00
26.00 0.00 35.00 36.00 23.00 59.00 38.50 38.50
58.00 35.00 0.00 43.00 23.00 52.00 40.50 30.00
47.00 36.00 43.00 0.00 23.00 27.00 47.50 53.00
18.00 23.00 23.00 23.00 0.00 17.00 36.50 11.00
14.00 59.00 52.00 27.00 17.00 0.00 18.00 46.50
35.00 38.50 40.50 47.50 36.50 18.00 0.00 29.00
8.00 38.50 30.00 53.00 11.00 46.50 29.00 0.00

Menor Valor:
8.0
Indices del menor Valor en la Matriz: 
(0, 7)
Matrix Reducida:
0.00 35.00 36.00 23.00 59.00 38.50 32.25
35.00 0.00 43.00 23.00 52.00 40.50 44.00
36.00 43.00 0.00 23.00 27.00 47.50 50.00
23.00 23.00 23.00 0.00 17.00 36.50 14.50
59.00 52.00 27.00 17.00 0.00 18.00 30.25
38.50 40.50 47.50 36.50 18.00 0.00 32.00
32.25 44.00 50.00 14.50 30.25 32.00 0.00

Menor Valor:
14.5
Indices del menor Valor en la Matriz: 
(3, 6)
Matrix Reducida:
0.00 35.00 36.00 59.00 38.50 27.62
35.00 0.00 43.00 52.00 40.50 33.50
36.00 43.00 0.00 27.00 47.50 36.50
59.00 52.00 27.00 0.00 18.00 23.62
38.50 40.50 47.50 18.00 0.00 34.25
27.62 33.50 36.50 23.62 34.25 0.00

Menor Valor:
18.0
Indices del menor Valor en la Matriz: 
(3, 4)
Matrix Reducida:
0.00 35.00 36.00 27.62 48.75
35.00 0.00 43.00 33.50 46.25
36.00 43.00 0.00 36.50 37.25
27.62 33.50 36.50 0.00 28.94
48.75 46.25 37.25 28.94 0.00

Menor Valor:
27.625
Indices del menor Valor en la Matriz: 
(0, 3)
Matrix Reducida:
0.00 43.00 46.25 34.25
43.00 0.00 37.25 36.25
46.25 37.25 0.00 38.84
34.25 36.25 38.84 0.00

Menor Valor:
34.25
Indices del menor Valor en la Matriz: 
(0, 3)
Matrix Reducida:
0.00 37.25 39.62
37.25 0.00 42.55
39.62 42.55 0.00

Menor Valor:
37.25
Indices del menor Valor en la Matriz: 
(0, 1)
Matrix Reducida:
0.00 41.09
41.09 0.00
