0.00 26.00 58.00 10.00 47.00 33.00 18.00 6.00 14.00 37.00
26.00 0.00 35.00 59.00 36.00 37.00 23.00 18.00 59.00 40.00
58.00 35.00 0.00 7.00 43.00 59.00 23.00 53.00 52.00 22.00
10.00 59.00 7.00 0.00 58.00 40.00 8.00 5.00 53.00 27.00
47.00 36.00 43.00 58.00 0.00 45.00 23.00 48.00 27.00 50.00
33.00 37.00 59.00 40.00 45.00 0.00 44.00 36.00 30.00 1.00
18.00 23.00 23.00 8.00 23.00 44.00 0.00 14.00 17.00 29.00
6.00 18.00 53.00 5.00 48.00 36.00 14.00 0.00 40.00 13.00
14.00 59.00 52.00 53.00 27.00 30.00 17.00 40.00 0.00 6.00
37.00 40.00 22.00 27.00 50.00 1.00 29.00 13.00 6.00 0.00

Menor Valor:
1
Indices del menor Valor en la Matriz: 
(5, 9)
Matrix Reducida:
0.00 26.00 58.00 10.00 47.00 18.00 6.00 14.00 33.00
26.00 0.00 35.00 59.00 36.00 23.00 18.00 59.00 37.00
58.00 35.00 0.00 7.00 43.00 23.00 53.00 52.00 22.00
10.00 59.00 7.00 0.00 58.00 8.00 5.00 53.00 27.00
47.00 36.00 43.00 58.00 0.00 23.00 48.00 27.00 45.00
18.00 23.00 23.00 8.00 23.00 0.00 14.00 17.00 29.00
6.00 18.00 53.00 5.00 48.00 14.00 0.00 40.00 13.00
14.00 59.00 52.00 53.00 27.00 17.00 40.00 0.00 6.00
33.00 37.00 22.00 27.00 45.00 29.00 13.00 6.00 0.00

Menor Valor:
5
Indices del menor Valor en la Matriz: 
(3, 6)
Matrix Reducida:
0.00 26.00 58.00 47.00 18.00 14.00 33.00 6.00
26.00 0.00 35.00 36.00 23.00 59.00 37.00 18.00
58.00 35.00 0.00 43.00 23.00 52.00 22.00 7.00
47.00 36.00 43.00 0.00 23.00 27.00 45.00 48.00
18.00 23.00 23.00 23.00 0.00 17.00 29.00 8.00
14.00 59.00 52.00 27.00 17.00 0.00 6.00 40.00
33.00 37.00 22.00 45.00 29.00 6.00 0.00 13.00
6.00 18.00 7.00 48.00 8.00 40.00 13.00 0.00

Menor Valor:
6
Indices del menor Valor en la Matriz: 
(0, 7)
Matrix Reducida:
0.00 35.00 36.00 23.00 59.00 37.00 18.00
35.00 0.00 43.00 23.00 52.00 22.00 7.00
36.00 43.00 0.00 23.00 27.00 45.00 47.00
23.00 23.00 23.00 0.00 17.00 29.00 8.00
59.00 52.00 27.00 17.00 0.00 6.00 14.00
37.00 22.00 45.00 29.00 6.00 0.00 13.00
18.00 7.00 47.00 8.00 14.00 13.00 0.00

Menor Valor:
6
Indices del menor Valor en la Matriz: 
(4, 5)
Matrix Reducida:
0.00 35.00 36.00 23.00 18.00 37.00
35.00 0.00 43.00 23.00 7.00 22.00
36.00 43.00 0.00 23.00 47.00 27.00
23.00 23.00 23.00 0.00 8.00 17.00
18.00 7.00 47.00 8.00 0.00 13.00
37.00 22.00 27.00 17.00 13.00 0.00

Menor Valor:
7
Indices del menor Valor en la Matriz: 
(1, 4)
Matrix Reducida:
0.00 36.00 23.00 37.00 18.00
36.00 0.00 23.00 27.00 43.00
23.00 23.00 0.00 17.00 8.00
37.00 27.00 17.00 0.00 13.00
18.00 43.00 8.00 13.00 0.00

Menor Valor:
8
Indices del menor Valor en la Matriz: 
(2, 4)
Matrix Reducida:
0.00 36.00 37.00 18.00
36.00 0.00 27.00 23.00
37.00 27.00 0.00 13.00
18.00 23.00 13.00 0.00

Menor Valor:
13
Indices del menor Valor en la Matriz: 
(2, 3)
Matrix Reducida:
0.00 36.00 18.00
36.00 0.00 23.00
18.00 23.00 0.00

Menor Valor:
18
Indices del menor Valor en la Matriz: 
(0, 2)
Matrix Reducida:
0.00 23.00
23.00 0.00
