0 22 46  3 59 36 58 37 22  2
22  0 55 49 10 46 36 37  6 45
46 55  0 16 13 18 40 56 29  2
3 49 16  0 46 11 11 11 15 51
59 10 13 46  0  9 27 10 54 46
36 46 18 11  9  0 47  5 58 43
58 36 40 11 27 47  0 57  6 46
37 37 56 11 10  5 57  0 47 54
22  6 29 15 54 58  6 47  0 18
2 45  2 51 46 43 46 54 18  0